image: DOJO.pgm
resolution: 0.050000
origin: [-16.076128, -14.284622, 0.000000]
negate: 0
occupied_thresh: 0.65
free_thresh: 0.196

